((("load-library" .
   [0 0 0 0 0 1 0 0 0 0 0 0])
  ("load-path" .
   [0 0 0 0 2 0 0 0 0])
  ("add-to-list" .
   [0 0 0 0 0 0 2 0 0 0 0])
  ("background-color" .
   [0 0 0 0 0 0 0 0 0 0 0 0 0 0 1 0])
  ("background-repeat" .
   [0 0 0 0 0 0 0 0 0 0 0 0 0 0 2 0 0])
  ("background" .
   [0 0 0 0 0 0 0 0 0 3])
  ("bar" .
   [0 0 2])
  ("=" .
   [1])
  ("ibus" .
   [1 0 0 0])
  ("f12" .
   [1 0 0])
  ("e_time" .
   [1 0 1 0 1 0])
  ("s_time" .
   [1 0 0 0 1 0])
  ("ip" .
   [1 0])
  ("localtime" .
   [0 0 0 1 0 0 0 0 0])
  ("mktime" .
   [1 0 0 0 0 0])
  ("strptime" .
   [1 0 0 0 1 0 1 0])
  ("Time" .
   [3 0 0 0])
  ("print" .
   [0 0 0 1 0])
  ("play_time" .
   [0 0 0 2 3 0 0 0 0])
  ("strftime" .
   [0 0 0 0 1 0 0 0])
  ("datetime" .
   [0 0 0 0 2 0 0 0])
  ("m" .
   [2])
  ("out_line" .
   [0 0 0 0 0 0 1 1])
  ("content_id" .
   [1 0 0 0 0 0 1 0 0 0])
  ("end_time" .
   [1 0 0 0 2 0 0 2])
  ("start_time" .
   [1 0 0 0 0 3 0 0 0 1])
  ("date" .
   [3 0 0 0])
  ("w" .
   [1])
  ("d" .
   [7])
  ("df" .
   [5 0])
  ("end" .
   [1 0 0])
  ("s" .
   [5])
  ("o" .
   [2])
  ("f" .
   [3])
  ("io" .
   [1 0])
  ("mp3file" .
   [1 0 0 0 0 0 0])
  ("mp3" .
   [1 0 0])
  ("extraceMusic" .
   [0 0 0 0 1 0 0 0 0 0 0 0])
  ("__name__" .
   [0 0 0 0 1 0 0 0])
  ("s_url" .
   [4 0 1 0 0])
  ("iteritems" .
   [0 0 0 1 0 0 0 0 0])
  ("videoinfo" .
   [0 0 0 1 0 0 0 0 0])
  ("downloadvideo" .
   [0 0 0 0 0 0 0 0 0 0 0 0 1])
  ("prefix" .
   [0 0 0 0 1 0])
  ("directory" .
   [1 0 0 0 0 1 0 0 0])
  ("r1" .
   [2 0])
  ("getVideosInfo" .
   [1 0 0 0 0 1 0 0 0 0 0 0 0])
  ("session" .
   [1 0 0 0 0 0 0])
  ("subUrl" .
   [1 0 0 4 0 1])
  ("find_all" .
   [3 0 0 1 0 3 0 0])
  ("random" .
   [5 0 0 1 1 0])
  ("open" .
   [0 0 2 0])
  ("SystemExit" .
   [1 0 0 0 0 0 0 0 0 0])
  ("sys" .
   [5 0 0])
  ("import" .
   [0 0 1 0 0 0])
  ("ArithmeticError" .
   [0 0 1 0 0 0 0 0 0 0 0 0 0 0 0])
  ("loads" .
   [0 0 1 0 0])
  ("json" .
   [2 0 0 0])
  ("self" .
   [1 0 0 0])
  ("get_captcha" .
   [1 0 0 0 0 0 1 0 0 0 0])
  ("max" .
   [0 1 0])
  ("md5" .
   [0 0 2])
  ("indent" .
   [0 0 0 0 1 0])
  ("i" .
   [2])
  ("g_app" .
   [2 0 0 0 0])
  ("enter" .
   [0 0 0 1 1])
  ("class" .
   [0 0 0 1 0])
  ("OCN" .
   [3 0 0])
  ("***" .
   [7 0 0])
  ("******" .
   [1 0 0 0 0 0])
  ("*****" .
   [3 0 0 1 0])
  ("Test" .
   [1 0 0 0])
  ("****" .
   [12 0 0 0])
  ("org-iswitchb" .
   [0 0 0 0 0 0 1 0 0 0 0 0])
  ("global-map" .
   [0 0 0 0 0 0 0 0 0 1])
  ("define-key" .
   [1 0 0 0 0 0 0 0 0 0])
  ("mouse-avoidance-mode" .
   [0 0 0 0 0 0 0 0 0 1 0 0 0 0 0 0 0 0 0 0])
  ("ring-bell-function" .
   [0 0 0 0 0 0 0 0 0 1 0 0 0 0 0 0 0 0])
  ("setq" .
   [5 0 0 0])
  ("**" .
   [1 0])
  ("dfdf" .
   [1 0 0 0])
  ("C-x" .
   [1 0 0])
  ("org-paste-special" .
   [0 0 0 0 0 0 1 0 0 0 0 0 0 0 0 0 0])
  ("M-w" .
   [1 0 0])
  ("org-copy-special" .
   [0 0 0 0 0 0 1 0 0 0 0 0 0 0 0 0])
  ("org-cut-special" .
   [0 0 0 0 0 0 1 0 0 0 0 0 0 0 0])
  ("M-S-down" .
   [0 0 0 0 0 0 1 0])
  ("org-shiftdown" .
   [0 0 0 0 0 0 0 0 0 0 1 0 0])
  ("M-S-up" .
   [1 0 0 0 0 0])
  ("org-shiftup" .
   [1 0 0 0 0 0 0 0 0 0 0])
  ("org-shifttab" .
   [0 0 0 0 0 0 1 0 0 0 0 0])
  ("M-S-right" .
   [0 0 0 0 0 1 0 0 0])
  ("org-shiftright" .
   [0 0 0 0 0 0 0 0 0 0 0 1 0 0])
  ("org-shift" .
   [0 0 0 0 0 0 0 0 1])
  ("M-S-left" .
   [0 0 0 1 0 0 0 0])
  ("org-shiftleft" .
   [0 0 0 0 0 0 0 0 0 0 1 0 0])
  ("M-right" .
   [0 0 0 0 1 0 0])
  ("M-left" .
   [0 0 0 0 1 0])
  ("org-metaleft" .
   [0 0 0 0 0 0 2 0 0 0 0 0])
  ("M-RET" .
   [0 0 0 1 0])
  ("org-insert-heading" .
   [0 0 0 0 0 0 0 0 0 0 0 0 0 0 1 0 0 0])
  ("|---------------------------------------+-------------+-------------------------------|" .
   [0 0 4 0 0 0 0 0 0 0 0 0 0 0 0 0 0 0 0 0 0 0 0 0 0 0 0 0 0 0 0 0 0 0 0 0 0 0 0 0 0 0 0 0 0 0 0 0 0 0 0 0 0 0 0 0 0 0 0 0 0 0 0 0 0 0 0 0 0 0 0 0 0 0 0 0 0 0 0 0 0 0 0 0 0 0 0])
  ("C-f" .
   [1 0 0])
  ("C-b" .
   [1 0 0])
  ("outline" .
   [0 0 0 0 1 1 0])
  ("C-p" .
   [1 0 0])
  ("C-n" .
   [2 0 0])
  ("C-c" .
   [13 0 0])
  ("own" .
   [0 0 1])
  ("Lisp" .
   [0 0 1 0])
  ("evaluation" .
   [0 0 1 0 0 0 0 0 0 0])
  ("inc" .
   [2 0 4])
  ("ecb-tod" .
   [0 0 0 1 0 0 0])
  ("t" .
   [13])
  ("color-theme-billw" .
   [0 0 0 1 0 0 0 0 0 0 0 0 0 0 0 0 0])
  ("format" .
   [0 0 1 2 0 0])
  ("misc-objects-consed" .
   [0 0 0 0 1 0 0 0 0 0 0 0 0 0 0 0 0 0 0])
  ("mi" .
   [1 0])
  ("forin" .
   [0 0 1 0 0])
  ("params" .
   [0 0 1 0 0 0])
  ("=======================================================================" .
   [0 0 4 0 1 0 0 0 0 0 0 0 0 0 0 0 0 0 0 0 0 0 0 0 0 0 0 0 0 0 0 0 0 0 0 0 0 0 0 0 0 0 0 0 0 0 0 0 0 0 0 0 0 0 0 0 0 0 0 0 0 0 0 0 0 0 0 0 0 0 0])
  ("argc" .
   [0 0 1 0])
  ("connections" .
   [0 0 0 1 0 0 0 0 0 0 0])
  ("return" .
   [0 0 2 4 1 1])
  ("main" .
   [3 0 8 10])
  ("for" .
   [0 0 6])
  ("fopen" .
   [0 0 3 3 0])
  ("printf" .
   [1 0 2 4 1 0])
  ("register" .
   [0 0 1 0 0 0 0 0])
  ("dd" .
   [1 0])
  ("color-theme-gnome" .
   [0 0 0 0 1 0 0 0 0 0 0 0 0 0 0 0 0])
  ("color-theme-railscasts" .
   [0 0 0 0 0 0 0 0 0 0 0 0 0 1 0 0 0 1 0 0 0 0])
  ("=============================" .
   [0 0 8 0 0 0 0 0 0 0 0 0 0 0 0 0 0 0 0 0 0 0 0 0 0 0 0 0 0])
  ("require" .
   [0 0 0 6 2 0 0])
  ("color-theme" .
   [0 0 0 0 1 1 0 0 0 0 0])
  ("rvm-use" .
   [0 0 0 0 0 1 0])
  ("admin_user" .
   [0 0 1 0 0 0 0 0 0 0])
  ("redirect_to" .
   [0 0 0 1 0 0 0 0 0 0 0])
  ("root_url" .
   [0 0 0 1 0 0 0 0])
  ("unless" .
   [0 0 0 1 0 0])
  ("current_user" .
   [0 0 1 0 0 0 0 0 0 0 0 0])
  ("admin?" .
   [1 0 0 0 0 0])
  ("Scenario" .
   [0 0 1 0 0 0 0 0])
  ("Successful" .
   [0 0 1 0 0 0 0 0 0 0])
  ("signin" .
   [0 0 1 0 0 0])
  ("should" .
   [0 0 0 1 0 0])
  ("see" .
   [1 0 0])
  ("local-set-key" .
   [0 0 0 0 0 1 0 0 0 0 0 0 0])
  ("ecb-activate" .
   [0 0 0 0 0 1 1 0 0 0 0 0])
  ("yank" .
   [0 0 1 0])
  ("buffer" .
   [0 0 3 0 1 1])
  ("evaluation." .
   [0 0 0 1 1 1 0 0 0 0 1])
  ("create-image" .
   [0 0 0 1 0 0 0 0 0 0 0 0])
  ("want" .
   [1 0 0 1])
  ("visit" .
   [1 0 0 0 0])
  ("create-file-buffer" .
   [0 0 0 1 0 0 0 0 0 0 0 0 0 0 0 0 0 0])
  ("yield" .
   [0 0 1 0 0])
  ("root" .
   [1 0 0 0])
  ("to" .
   [1 0])
  ("auto-complete-mode" .
   [0 0 0 0 0 0 1 0 0 0 0 0 0 0 0 0 0 0])
  ("reloadIPAllow" .
   [0 0 0 0 1 0 0 0 0 0 0 0 0])
  ("set-scroll-bar-mode" .
   [0 0 0 0 0 0 1 0 0 0 0 0 0 0 0 0 0 0 0])
  ("mouse-wheel-mode" .
   [0 0 0 0 0 0 0 0 0 0 0 0 0 0 1 0])
  ("auto-fill-mode" .
   [0 0 0 0 0 0 1 0 0 0 0 0 0 0])
  ("nil" .
   [1 0 0])
  ("display-" .
   [0 0 0 0 0 0 0 1])
  ("display-time-mode" .
   [0 0 0 0 0 0 0 0 0 0 0 0 0 0 0 1 0])
  ("redo+" .
   [0 0 0 0 1])
  ("global-set-key" .
   [0 0 0 1 0 0 0 0 0 0 0 0 0 0])
  ("kbd" .
   [1 0 0])
  ("redo" .
   [1 0 0 0])
  ("ecb-layout-name" .
   [1 0 0 0 0 0 0 0 0 0 0 0 0 0 0])
  ("l" .
   [2])
  ("xcscope" .
   [0 0 0 1 0 0 0])
  ("tool" .
   [1 0 0 1])
  ("options" .
   [2 0 0 0 0 0 0])
  ("lillteboy" .
   [0 0 0 0 1 0 0 0 0])
  ("edit" .
   [0 0 0 1])
  ("file" .
   [7 0 1 0])
  ("lisp-mode" .
   [0 0 0 0 0 0 0 0 1])
  ("lisp-mode-hook" .
   [0 0 0 0 0 0 0 0 0 0 0 1 0 0])
  ("test-completion" .
   [0 0 0 0 1 0 0 0 0 0 0 0 0 0 0])
  ("fddfdfdf" .
   [0 0 2 0 0 0 0 0])
  ("dframe" .
   [1 0 0 0 0 0])
  ("save-place" .
   [0 0 0 0 0 0 0 0 0 1])
  ("This" .
   [0 0 0 1])
  ("notes" .
   [0 0 0 0 1])
  ("with" .
   [0 0 0 1])
  ("create" .
   [0 0 0 0 0 1])
  ("include" .
   [0 0 1 0 0 0 0])
  ("while" .
   [0 0 0 3 0])
  ("else" .
   [0 0 0 3])
  ("FILE" .
   [0 0 0 1])
  ("headers" .
   [0 0 1 0 1 0 0])
  ("update" .
   [0 0 2 0 0 0])
  ("login_url" .
   [1 0 0 0 0 0 1 0 0])
  ("cookie" .
   [0 0 0 0 0 1])
  ("post" .
   [1 0 0 0])
  ("cookies" .
   [0 0 0 1 0 0 1])
  ("text" .
   [8 0 5 2])
  ("payload" .
   [0 0 0 0 1 0 1])
  ("s_random" .
   [2 0 2 2 0 0 0 0])
  ("length" .
   [0 0 0 0 0 1])
  ("randoms" .
   [0 0 0 0 0 1 0])
  ("v_str" .
   [2 0 1 0 0])
  ("v_str : zky" .
   [0 0 1 0 0 0 0 0 0 0 0])
  ("getvideosinfo" .
   [1 0 0 0 0 0 0 0 1 0 1 0 0])
  ("videos" .
   [1 0 2 0 0 11])
  ("except" .
   [0 0 2 0 0 0])
  ("extend" .
   [0 0 1 1 0 0])
  ("allvideos" .
   [0 0 0 0 1 4 0 0 0])
  ("range" .
   [0 0 0 1 1])
  ("apply" .
   [1 0 0 0 0])
  ("append" .
   [0 0 0 1 0 1])
  ("item" .
   [3 0 0 0])
  ("allvideosid" .
   [2 0 0 0 0 0 0 0 0 0 0])
  ("allvideosId" .
   [2 0 0 0 0 0 0 0 0 0 2])
  ("soup" .
   [12 0 0 1])
  ("BeautifulSoup" .
   [0 0 1 0 0 0 0 0 0 0 0 0 0])
  ("findall" .
   [1 0 0 0 1 0 2])
  ("_flv" .
   [3 0 0 2])
  ("pass" .
   [0 0 0 1])
  ("part" .
   [2 0 0 2])
  ("n_main" .
   [1 0 0 0 0 0])
  ("video" .
   [5 0 0 0 2])
  ("mainUrl" .
   [0 0 2 3 5 0 3])
  ("sub" .
   [2 0 1])
  ("n_sub" .
   [1 0 0 0 0])
  ("getvideoitems" .
   [2 0 0 0 0 0 0 1 0 1 0 0 0])
  ("getvideosid" .
   [0 0 0 0 0 0 0 0 1 0 0])
  ("items" .
   [1 0 1 0 3])
  ("write" .
   [1 0 0 1 2])
  ("close" .
   [2 0 0 0 1])
  ("encode" .
   [0 0 0 1 0 0])
  ("xml" .
   [5 0 0])
  ("re" .
   [8 0])
  ("search" .
   [1 0 0 1 0 4])
  ("group" .
   [6 0 5 0 2])
  ("body" .
   [2 0 0 1])
  ("time" .
   [15 0 1 1])
  ("1000" .
   [1 0 0 0])
  ("listResources" .
   [0 0 0 2 4 0 0 0 0 0 0 0 0])
  ("numQueryVideos" .
   [1 0 0 2 0 0 0 0 0 0 0 0 0 2])
  ("lenList" .
   [0 0 0 0 0 2 0])
  ("r" .
   [4])
  ("remainder" .
   [0 0 0 1 0 0 0 0 0])
  ("times" .
   [3 0 0 1 0])
  ("p" .
   [4])
  ("resource" .
   [1 0 0 0 0 0 0 1])
  ("result" .
   [1 0 0 0 0 0])
  ("reg" .
   [6 0 0])
  ("match" .
   [29 0 0 0 2])
  ("url" .
   [4 0 0])
  ("Resource" .
   [1 0 2 1 0 0 0 4])
  ("virtual" .
   [0 0 0 1 0 0 0])
  ("virtualPath" .
   [0 0 1 1 0 0 0 0 1 0 3])
  ("listVirtualPath" .
   [0 0 0 0 0 4 2 0 0 0 0 0 0 0 0])
  ("resourceID" .
   [0 0 0 4 0 0 0 0 0 0])
  ("VirtualPath" .
   [1 0 1 2 0 0 0 0 0 0 1])
  ("listVideoInfo" .
   [0 0 0 0 0 5 1 0 1 0 0 0 0])
  ("VideoInfo" .
   [6 0 3 5 5 2 0 0 1])
  ("path" .
   [15 0 0 2])
  ("m_url" .
   [2 0 1 2 1])
  ("index" .
   [8 0 0 0 2])
  ("outputfile" .
   [0 0 0 1 0 1 0 0 0 0])
  ("continue" .
   [0 0 1 1 1 2 0 0])
  ("commandTemplate" .
   [0 0 0 1 0 0 0 0 0 0 0 0 0 0 0])
  ("command" .
   [0 0 0 0 1 0 1])
  ("Term" .
   [0 0 0 2])
  ("term" .
   [2 0 0 0])
  ("unicad" .
   [0 0 0 1 0 1])
  ("ibus-disable" .
   [0 0 0 0 0 0 1 0 0 0 0 0])
  ("f11" .
   [1 0 0])))
